HISTORY 0.0545 0.9455
CVP 0.114341 0.731104 0.154555
PCWP 0.114341 0.678729 0.20693
HYPOVOLEMIA 0.2 0.8
LVEDVOLUME 0.0886 0.7019 0.2095
LVFAILURE 0.05 0.95
STROKEVOLUME 0.1808 0.7788 0.0404
ERRLOWOUTPUT 0.05 0.95
HRBP 0.178275 0.0605657 0.761159
HREKG 0.171605 0.0989791 0.729416
ERRCAUTER 0.1 0.9
HRSAT 0.171605 0.0989791 0.729416
INSUFFANESTH 0.1 0.9
ANAPHYLAXIS 0.01 0.99
TPR 0.3068 0.3961 0.2971
EXPCO2 0.17266 0.625694 0.166948 0.0346981
KINKEDTUBE 0.04 0.96
MINVOL 0.684703 0.063379 0.0463876 0.20553
FIO2 0.05 0.95
PVSAT 0.785055 0.0228319 0.192113
SAO2 0.787255 0.0356074 0.177138
PAP 0.0496 0.8929 0.0575
PULMEMBOLUS 0.01 0.99
SHUNT 0.896905 0.103095
INTUBATION 0.92 0.03 0.05
PRESS 0.0272145 0.253823 0.211018 0.507944
DISCONNECT 0.1 0.9
MINVOLSET 0.05 0.9 0.05
VENTMACH 0.05 0.056 0.838 0.056
VENTTUBE 0.192208 0.734032 0.015376 0.058384
VENTLUNG 0.742639 0.21999 0.0116437 0.0257272
VENTALV 0.673267 0.0660333 0.0560693 0.20463
ARTCO2 0.193803 0.0773935 0.728803
CATECHOL 0.103037 0.896963
HR 0.0141215 0.17346 0.812419
CO 0.172552 0.186097 0.641352
BP 0.392026 0.202981 0.404993
